system_id,ship_kills,pod_kills,npc_kills
30004555,0,0,62
30000201,0,0,235
30002243,0,0,12
30005038,1,0,50
30004691,0,0,404
30003975,0,0,720
30005216,0,0,953
30004028,0,0,77
30005234,0,0,63
30000847,0,0,270
30002700,0,0,71
30002642,0,0,323
30001374,1,0,620
30002003,0,0,171
30003363,0,0,87
30001935,0,0,79
30004978,0,0,115
30001817,0,0,446
30001408,0,0,989
30000492,0,0,117
30003449,3,0,251
30003482,1,0,38
30002853,2,2,429
30002804,0,0,492
30000804,0,0,142
30003126,0,0,47
30000235,1,0,184
30004487,0,0,44
30001119,0,0,168
30004945,0,0,91
30005166,0,0,447
30002904,0,0,102
30005294,0,0,135
30001273,0,0,27
30001101,0,0,8
30005269,0,0,524
30003388,0,0,204
30004096,0,0,338
30002522,0,0,91
30002549,0,0,17
30001076,0,0,395
30000160,0,0,453
30004434,0,0,309
30000883,0,0,28
30000864,1,1,11
30001280,2,0,60
30001340,0,0,121
30004018,0,1,91
30002529,0,0,247
30003830,1,0,13
30002810,1,0,7
30012715,0,0,297
30002717,0,0,118
30003116,0,0,247
30002300,0,0,218
30001341,0,0,91
30002096,1,0,70
30002632,0,0,140
30005267,1,0,499
30000253,0,0,48
30001384,0,0,259
30002887,0,0,227
30002955,0,0,41
30000116,0,0,17
30003127,0,0,260
30001595,0,0,175
30003041,0,0,11
30002710,0,0,103
30004723,0,0,63
30002973,0,0,238
30004444,0,0,1
30004086,0,0,120
30001716,0,0,107
30002293,0,0,11
30003737,0,0,171
30005133,5,0,1955
30004757,0,0,824
30003517,0,0,249
30004784,0,0,274
30002454,0,0,27
30004283,1,0,6
30003652,0,0,222
30002972,0,0,70
30004111,0,0,162
30002751,1,0,270
30001409,1,0,1146
30001206,0,0,152
30003414,0,0,136
30003159,0,0,262
30002139,0,0,201
30004944,0,0,91
30005201,0,0,327
30003993,0,0,98
30003091,3,0,31
30002785,0,0,707
30005056,0,0,239
30003992,0,0,269
30004612,0,0,999
30003186,0,0,85
30002071,0,0,1244
30004113,0,0,46
30003008,0,0,6
30003549,0,0,41
30000048,0,0,23
30000294,0,0,357
30003399,0,0,238
30004623,0,0,197
30001051,0,0,2
30004408,0,0,120
30003592,0,0,69
30003381,0,0,204
30004587,0,0,353
30003492,1,0,374
30002819,0,1,295
30002200,0,0,201
30001442,0,0,96
30002497,0,0,94
30001697,0,0,11
30001434,0,0,238
30004716,1,1,44
30002107,1,1,77
30000133,0,0,263
30000303,0,0,16
30002206,0,0,26
30003331,0,0,8
30001858,1,3,0
30003873,0,0,1
30002649,0,0,228
30001690,0,0,71
30003602,0,0,50
30001680,0,0,126
30002650,0,0,88
30005013,0,0,277
30004368,0,0,194
30002685,0,0,67
30003431,0,0,112
30002038,0,0,24
30004351,0,0,34
30003424,1,1,0
30031672,0,0,68
30003542,0,0,13
30002429,0,0,95
30001731,0,0,39
30003076,0,0,155
30005301,0,0,111
30000660,0,0,9
30002394,0,0,11
30003023,0,0,8
30045341,0,0,3
30001018,0,0,41
30004562,1,1,168
30045334,0,0,87
30003790,0,0,19
30001978,1,1,0
30002837,0,0,82
30004196,0,0,249
30000711,0,0,309
30002472,10,10,60
30002106,0,0,82
30002241,0,0,9
30000915,0,0,103
30003467,1,0,0
30000269,0,0,179
30001784,1,1,55
30004622,1,0,151
30000056,0,0,134
30004655,0,0,128
30000815,0,0,49
30003058,0,0,134
30005284,0,0,6
30000031,0,0,85
30002461,0,0,132
30001274,0,0,5
30003857,1,1,45
30003924,0,0,40
30003670,0,0,61
30045309,0,0,32
30003805,0,1,0
30000482,0,0,47
30003617,0,0,1
30003176,0,0,341
30002428,0,0,85
30001180,0,0,46
30001441,0,0,43
30002039,0,0,42
30002905,0,0,46
30002998,0,0,27
30005065,0,0,5
30003220,0,0,41
30002343,0,0,5
30004988,0,0,2
30000081,0,0,1
30003329,1,0,0
30002105,0,0,1
30004155,0,0,253
30001382,0,0,203
30005311,0,0,507
30002742,0,0,48
30002113,0,0,48
30000872,7,6,0
30000634,0,0,194
30002752,0,0,289
30002684,0,6,3
30005326,1,0,110
30000127,1,0,210
30002043,0,0,76
30002053,3,1,779
30003885,0,1,36
30005053,0,0,194
30004078,0,0,516
30000033,0,0,57
30002736,0,0,168
30013489,18,0,463
30004100,0,0,109
30004583,0,0,311
30004717,0,0,85
30004590,0,0,116
30005256,0,0,3
30003469,0,0,270
30001563,0,0,40
30005016,0,0,270
30004093,0,0,483
30004791,0,0,370
30002657,0,0,408
30000118,0,0,4
30002073,0,0,1393
30003026,0,0,281
30001093,0,0,358
30004776,0,0,800
30003013,0,0,236
30002672,0,0,122
30000167,0,0,242
30004984,2,1,21
30002536,0,0,6
30003422,0,0,233
30004442,0,0,41
30003429,0,0,153
30004952,0,0,406
30000650,1,0,357
30003395,0,0,576
30000174,0,0,158
30000120,1,0,246
30002568,0,0,123
30002855,1,0,307
30001717,0,0,74
30001291,1,0,58
30001073,0,0,55
30002328,0,0,9
30004454,0,0,348
30002058,2,1,56
30003692,0,0,217
30003964,2,2,174
30005113,1,1,288
30004640,0,0,159
30004630,0,0,69
30002261,0,1,137
30000224,0,0,229
30000306,2,2,38
30003731,15,4,38
30001419,0,0,128
30005088,0,0,269
30004845,0,0,56
30002192,1,0,837
30001308,0,0,161
30000301,0,0,297
30003642,0,0,91
30001657,0,0,233
30001276,0,0,292
30002890,0,0,347
30004251,0,0,55
30001412,0,0,172
30001670,0,0,443
30004489,1,0,431
30000885,0,0,25
30002167,0,0,191
30001380,3,0,137
30003048,14,0,185
30000479,0,0,14
30002026,0,0,486
30004798,3,2,225
30003454,0,0,105
30004083,0,0,277
30004697,0,0,116
30004959,0,0,994
30003489,0,0,577
30004474,0,0,268
30000088,0,0,73
30002912,0,0,151
30003828,2,1,3
30001677,0,0,52
30000271,0,0,396
30003910,0,0,35
30000662,0,0,44
30004880,0,0,10
30004687,0,0,13
30003246,2,2,890
30002776,0,0,498
30002214,0,0,37
30004241,0,0,62
30002959,0,0,3
30005120,0,0,604
30001818,0,0,90
30001444,1,0,327
30003073,0,0,48
30003563,3,3,0
30000152,0,0,536
30002281,0,0,142
30002791,0,0,182
30002647,1,0,1
30000207,1,0,32
30004751,0,0,68
30004744,0,0,97
30003434,0,0,78
30002687,0,0,216
30000514,1,0,37
30000281,0,0,154
30001194,0,0,16
30001172,0,0,5
30001667,0,0,61
30002677,0,0,174
30002271,0,0,187
30003459,0,0,252
30001108,0,0,201
30000865,1,0,0
30002702,1,0,0
30002479,0,0,286
30004306,0,0,6
30000798,0,2,3
30001058,0,0,90
30003875,0,0,27
30003603,0,0,53
30005066,0,0,34
30005167,0,0,238
30005048,0,0,87
30004073,0,0,13
30003860,0,0,115
30003588,0,0,75
30004261,0,0,8
30005274,0,1,105
30002704,0,0,117
30003796,0,0,30
30001890,0,0,1
30000657,6,2,0
30002311,0,0,67
30001885,0,0,5
30001875,0,0,1
30005321,1,0,43
30023489,0,0,128
30004053,1,1,0
30003858,0,0,8
30001113,0,0,160
30002056,0,0,4
30004098,0,0,27
30041672,0,0,101
30003286,1,1,46
30003724,0,0,1
30003234,0,0,78
30033489,0,0,77
30005254,0,0,54
30000875,0,0,98
30003778,0,0,70
30001925,0,0,7
30003474,0,0,8
30003046,1,1,0
30003281,0,0,6
30004657,0,0,235
30000489,0,0,112
30003892,0,0,5
30003167,0,0,160
30003063,1,0,12
30003905,0,0,30
30003214,1,1,40
30001006,0,0,1
30003845,0,0,9
30002400,0,0,109
30001580,0,0,124
30001036,0,0,7
30043489,0,0,2
30002439,0,0,5
30003939,0,0,45
30000241,0,0,45
30004610,1,0,79
30001083,0,0,33
30003570,0,0,10
30001053,0,0,30
30000093,0,0,41
30002865,0,0,40
30004504,0,0,5
30002266,0,0,40
30004848,0,0,20
30001301,0,0,12
30004033,0,0,141
30000073,1,0,0
30001682,1,0,3
30002915,0,0,81
30005207,0,0,1
30004147,0,0,21
30003261,0,0,20
30000288,0,0,1
30002432,0,0,1
30002944,0,0,1
30000818,0,0,1
30005281,0,0,1
30005045,0,0,159
30004349,0,0,62
30003599,0,0,94
30003522,0,0,186
30001087,3,1,89
30003382,0,0,91
30000023,0,0,28
30045342,0,0,104
30000737,0,0,80
30002845,1,1,473
30004580,0,0,212
30000024,0,0,62
30000565,0,0,8
30005174,0,0,110
30005091,1,1,346
30000242,1,0,127
30002133,0,0,3
30003831,0,0,181
30003074,0,0,24
30002318,0,0,121
30004019,0,0,55
30001145,0,0,11
30001366,2,1,650
30005039,0,0,224
30001059,0,0,199
30004477,0,0,175
30003439,0,0,213
30001272,2,1,49
30002233,0,0,72
30000312,0,0,219
30003372,0,0,15
30005023,0,0,310
30003788,0,0,421
30004647,0,0,339
30000261,0,0,100
30001179,0,0,381
30005164,1,0,41
30002658,0,0,798
30002455,0,0,126
30002540,1,1,406
30001400,0,0,379
30002811,1,2,14
30000279,0,0,188
30000890,0,0,221
30002326,0,0,172
30023410,4,0,305
30003457,0,0,229
30004768,0,0,729
30003389,0,0,301
30001560,0,0,364
30001399,0,0,442
30003610,0,0,395
30000218,0,0,159
30004648,0,0,614
30000057,0,0,79
30001392,1,1,252
30002199,0,0,97
30003219,2,0,56
30001367,0,0,406
30005293,0,0,42
30003984,0,0,348
30002505,0,0,207
30031392,3,3,36
30003763,0,0,41
30003525,15,0,11
30004205,0,0,292
30003550,0,0,12
30003024,0,0,305
30005191,0,0,1
30002054,0,0,114
30042715,14,1,417
30004222,0,0,6
30002641,7,0,215
30004946,0,0,1674
30004749,0,0,210
30004613,0,0,635
30002530,0,0,144
30000006,0,0,97
30004426,0,0,102
30000184,0,0,357
30002709,1,0,178
30003950,0,0,591
30001435,1,2,29
30004715,0,0,7
30004970,0,0,362
30003287,0,0,93
30003856,1,0,67
30002758,1,1,18
30002862,1,0,7
30004588,0,0,14
30005252,20,0,956
30002435,0,0,114
30002097,3,0,48
30003134,1,0,117
30001332,0,0,80
30002795,0,0,103
30001655,0,0,6
30001789,0,0,52
30000124,0,0,362
30004783,0,0,603
30002386,1,0,227
30002743,0,0,280
30003144,0,0,169
30004971,0,0,466
30002608,1,0,259
30001306,0,0,2
30001070,1,1,57
30000159,0,0,191
30002387,0,0,38
30005227,0,0,128
30001757,1,1,165
30004742,0,0,434
30003729,1,1,157
30005327,0,0,207
30005232,0,0,171
30002768,113,2,285
30002352,0,0,2
30001689,0,0,83
30003815,0,0,168
30002267,0,0,64
30003049,0,0,99
30002777,0,0,337
30002675,0,0,147
30005003,0,0,41
30002063,0,0,133
30003575,0,0,55
30004001,0,0,216
30003450,0,0,224
30002232,0,0,18
30001204,0,0,192
30002863,1,1,0
30002437,2,2,12
30002114,1,0,2
30002182,2,2,0
30005004,0,0,33
30003933,0,0,7
30003406,0,0,82
30002419,0,0,40
30005157,0,0,480
30003507,0,0,110
30001857,2,1,0
30001417,0,0,253
30002555,5,2,0
30003034,0,0,143
30002648,0,0,71
30003976,0,0,294
30004307,0,0,39
30003882,0,0,37
30003253,0,0,283
30004332,0,0,63
30004996,0,0,54
30000873,1,0,29
30001279,0,0,34
30003865,0,0,16
30003440,0,0,211
30004638,0,0,72
30002029,0,0,89
30005159,0,0,233
30003593,0,0,35
30004154,0,0,29
30003357,0,0,28
30002258,0,0,41
30002430,0,0,16
30002966,0,0,52
30001876,0,0,1
30005124,0,0,67
30005242,0,0,26
30005064,0,0,10
30002836,0,0,55
30001077,0,0,170
30000252,0,0,2
30001648,0,0,90
30004748,0,0,47
30000050,0,0,57
30002004,0,0,84
30003883,0,0,20
30000796,0,0,43
30004273,0,0,40
30000822,0,1,0
30004258,0,0,27
30003289,1,0,0
30001231,0,0,68
30002480,0,0,31
30003151,0,0,40
30003202,0,0,59
30004842,0,0,81
30003678,0,0,29
30000805,1,1,0
30003654,0,0,58
30001034,0,0,2
30001791,0,0,22
30000278,0,0,8
30003822,0,0,15
30001570,0,0,55
30001211,0,0,19
30000440,0,0,67
30000635,0,0,17
30000533,1,0,0
30004513,0,0,42
30002956,0,0,81
30003006,0,0,58
30005184,0,0,35
30002981,0,0,4
30001535,0,0,30
30004494,0,0,1
30001213,0,0,21
30003951,0,0,1
30004341,0,0,1
30004445,0,0,1
30000171,0,0,433
30003402,0,0,139
30004644,0,0,396
30001395,0,0,662
30000324,0,0,131
30003503,2,0,294
30000181,0,0,981
30005138,2,0,527
30002092,0,0,116
30002543,1,0,143
30003053,0,0,302
30001905,0,0,152
30003163,0,0,103
30002858,3,2,846
30002196,0,0,163
30005206,0,0,159
30003657,2,3,234
30002805,0,0,370
30001999,0,0,147
30004710,0,0,74
30000274,0,0,178
30000153,0,0,461
30002194,0,0,123
30000003,0,0,90
30001023,0,0,43
30004712,1,0,148
30002509,0,0,319
30000113,3,0,0
30002772,0,0,121
30002747,0,0,120
30001414,0,0,304
30002161,0,0,98
30002815,0,0,390
30002264,0,0,251
30004576,1,0,270
30003690,0,0,95
30001992,0,0,126
30004472,0,0,390
30003113,0,0,161
30001133,0,0,18
30003488,0,0,312
30002126,0,0,113
30005331,0,0,80
30002534,0,0,184
30003420,0,0,417
30003180,0,0,44
30003148,0,0,74
30000221,0,0,231
30001718,0,0,68
30002228,0,0,64
30003409,0,1,25
30000154,1,0,462
30005231,1,0,160
30005059,0,0,340
30004950,0,0,157
30004422,0,0,92
30000460,0,0,143
30005103,0,0,6
30003811,0,0,81
30002382,0,0,12
30045321,0,0,273
30005018,0,0,240
30002221,0,0,67
30003878,0,0,88
30004737,0,0,119
30001429,0,0,265
30002722,1,1,22
30004966,0,0,820
30000138,2,2,188
30002321,0,0,105
30001294,0,0,136
30002790,0,0,256
30004627,0,0,2540
30004795,0,0,63
30002128,0,0,1532
30004965,0,0,1120
30001871,0,0,77
30001549,0,0,146
30001362,0,0,430
30001752,0,0,622
30003946,0,0,40
30003080,0,0,34
30005306,0,0,208
30003044,0,0,114
30002246,1,0,6
30002738,1,0,393
30002670,0,0,140
30002976,3,1,39
30001650,0,0,76
30002985,0,0,7
30003435,1,0,22
30004508,0,0,78
30002409,0,0,16
30003590,0,0,25
30003589,0,0,16
30002637,0,0,108
30004642,4,1,0
30003012,0,0,175
30004993,1,1,127
30005118,0,0,43
30004134,0,0,86
30004286,0,0,19
30003316,0,0,78
30000231,0,0,36
30002737,39,29,1
30004107,0,0,69
30003123,1,0,643
30003785,0,0,69
30004608,0,0,79
30001702,0,0,36
30004727,0,0,41
30002993,0,0,5
30002577,0,0,2
30000664,0,0,3
30002757,0,0,8
30004132,0,0,26
30002093,0,0,28
30004304,0,0,37
30004762,2,1,110
30000086,0,0,40
30002925,0,0,122
30004013,0,0,110
30001123,0,0,35
30003452,0,0,107
30001326,0,0,19
30003334,0,0,34
30002569,0,0,17
30002389,0,0,6
30002519,0,0,138
30002247,0,0,44
30003384,0,0,62
30002570,0,0,52
30003019,0,0,110
30004133,0,0,62
30001106,0,0,92
30003810,0,0,16
30002160,0,0,65
30002482,0,0,4
30000256,0,0,66
30001158,0,0,11
30003284,0,0,9
30001582,0,0,14
30002060,0,0,24
30004372,3,1,13
30001140,0,0,6
30002483,0,0,100
30002475,0,0,49
30001361,2,1,6
30004778,0,0,97
30004617,1,0,34
30001548,0,0,4
30003529,0,0,70
30005288,0,0,56
30005093,1,0,4
30003607,0,0,10
30001770,1,0,130
30000103,0,0,13
30002346,0,0,189
30001227,0,0,23
30002926,6,0,4
30001924,1,0,1
30002434,2,2,31
30003554,0,0,121
30002024,0,0,6
30000206,3,2,0
30002314,0,0,4
30002211,0,0,23
30001737,0,0,33
30004211,0,0,3
30001004,0,0,3
30003173,0,0,98
30000851,0,0,35
30000163,0,1,0
30003597,0,0,26
30003556,0,0,1
30002178,1,0,0
30003835,0,0,28
30003717,0,0,34
30001684,0,0,16
30004440,0,0,5
30003945,2,2,0
30000717,0,0,27
30001795,0,0,4
30004549,0,0,6
30004064,0,0,6
30001013,0,0,7
30003758,0,0,35
30005033,1,0,0
30002825,0,0,67
30001727,0,0,30
30003341,0,0,4
30003359,0,0,19
30002908,0,0,20
30000904,0,0,17
30005221,0,0,21
30000868,0,0,1
30001965,0,0,1
30003539,0,0,1
30000647,1,0,0
30002347,0,0,53
30001421,0,0,236
30003036,0,0,506
30003546,1,0,74
30002433,0,0,54
30003110,0,1,222
30001954,0,0,14
30001365,0,0,677
30003177,0,0,39
30021392,0,0,1025
30002385,0,0,238
30003345,0,0,60
30005308,0,0,662
30002826,0,0,248
30003553,0,0,79
30002942,1,0,118
30002969,0,0,70
30003506,0,0,369
30002788,0,0,603
30004667,0,0,444
30003969,0,0,42
30003043,0,0,122
30002801,0,0,1018
30003271,0,0,113
30004593,0,0,582
30002516,0,0,6
30000187,0,0,208
30001120,0,0,178
30004939,0,0,208
30003009,0,0,110
30002276,0,0,119
30003182,0,0,508
30000714,0,0,57
30000083,0,0,27
30002875,0,1,327
30001432,0,0,130
30004964,0,0,32
30002278,0,0,62
30004724,1,0,42
30004764,0,0,499
30004573,0,0,74
30004375,0,0,199
30001142,0,0,190
30004781,0,0,248
30004318,0,0,358
30001088,0,0,561
30002667,0,0,203
30001271,0,0,19
30002566,0,0,125
30002724,0,0,102
30001375,1,0,376
30004761,0,0,281
30001929,0,0,2
30003880,0,0,156
30004338,0,0,127
30003150,0,0,169
30001979,0,0,28
30005100,0,0,141
30003855,4,1,14
30004127,0,0,172
30001593,0,0,36
30000573,0,0,371
30002786,0,0,135
30004029,0,0,337
30003608,0,0,238
30002771,0,0,276
30002355,0,0,136
30003949,0,0,168
30003157,0,0,236
30002187,12,7,619
30002949,0,0,244
30002231,16,0,43
30002251,0,0,182
30001734,0,0,16
30002563,0,0,239
30000147,0,0,434
30005150,0,0,139
30000140,1,0,1228
30002860,3,1,517
30002380,0,0,337
30002459,1,0,103
30002412,0,0,59
30000251,0,0,507
30003647,0,0,238
30003425,0,0,4
30001959,2,0,80
30002781,0,0,123
30003162,0,0,92
30001117,0,0,5
30001766,0,0,418
30000172,0,0,399
30002197,0,0,387
30003137,0,0,123
30002754,0,0,140
30005172,0,0,8
30001330,0,0,35
30004766,1,1,642
30001410,0,0,179
30002924,0,0,189
30004771,1,1,821
30005019,0,0,119
30000308,0,0,218
30004969,0,0,569
30004746,1,1,242
30043410,0,0,87
30003523,1,0,37
30001256,0,0,65
30004157,0,0,90
30000684,3,2,85
30002741,0,0,5
30003318,0,0,108
30002573,0,0,128
30001546,0,0,350
30005036,0,0,146
30001415,0,0,64
30005325,0,0,245
30005291,0,0,16
30004556,0,0,64
30004692,0,0,178
30004563,0,0,206
30004628,0,0,311
30005070,0,0,30
30004714,0,0,2
30001687,0,0,61
30000177,0,0,203
30004288,1,1,93
30003311,0,0,23
30001786,0,0,182
30002157,0,0,428
30002989,0,0,25
30003479,0,0,3
30003989,0,0,300
30003350,1,0,5
30004578,2,2,116
30000068,0,0,221
30001385,0,1,46
30002707,0,0,238
30004543,0,0,17
30005197,0,0,207
30000548,0,0,3
30003375,0,0,130
30004080,0,0,94
30001741,0,0,33
30002999,0,0,72
30045328,2,2,23
30005202,0,0,82
30003268,0,1,1
30004291,0,0,154
30003400,0,0,99
30002761,0,0,175
30002023,0,0,150
30003405,0,0,33
30001360,0,0,34
30001949,0,0,12
30004016,0,0,151
30004335,0,0,26
30045311,0,0,93
30003370,0,0,147
30004152,0,0,60
30003472,0,0,48
30004063,1,0,10
30001325,0,0,35
30003432,0,0,120
30002090,0,0,27
30002533,1,0,78
30002996,0,0,85
30002244,0,0,48
30001110,0,0,5
30000004,0,0,91
30002652,5,3,40
30002083,3,0,1
30002009,0,0,1
30003583,1,0,135
30002974,0,0,31
30004130,0,0,37
30003519,0,0,22
30003994,0,0,218
30000204,1,1,0
30003914,0,0,30
30002962,0,0,15
30003251,0,0,128
30001704,0,0,24
30003821,0,0,123
30000820,0,0,31
30002979,0,0,8
30003774,0,0,176
30004989,0,0,106
30003558,0,0,54
30003536,0,0,49
30000687,0,0,20
30000791,0,0,33
30000029,0,0,10
30001721,0,0,1
30003791,0,0,9
30000786,0,0,37
30004726,0,0,31
30004506,0,0,4
30002553,0,0,2
30000036,0,0,6
30004811,0,0,4
30001568,0,0,1
30003120,0,0,1074
30005001,2,0,2218
30000642,0,0,42
30002474,0,0,98
30004773,0,0,200
30001068,0,0,127
30003531,0,0,46
30004088,0,0,247
30005324,0,0,376
30004948,0,0,231
30003943,0,0,309
30004750,0,0,19
30001255,0,0,111
30002750,0,0,256
30000220,1,0,223
30002307,0,0,442
30005146,0,0,297
30001394,0,0,866
30000760,0,0,106
30002787,0,0,452
30004755,1,1,409
30005235,0,0,298
30001151,0,0,88
30003052,0,0,280
30003327,0,0,11
30001695,0,0,121
30004334,0,0,162
30004995,1,0,174
30002156,0,0,15
30003448,0,0,481
30002411,3,1,34
30000879,0,0,42
30005131,4,0,123
30003958,0,0,149
30002334,0,0,45
30005253,41,0,450
30004369,0,0,241
30003968,22,19,117
30003025,0,0,236
30002715,1,0,389
30000126,1,0,404
30004569,0,0,392
30045344,1,0,140
30002683,0,0,234
30004181,0,0,167
30002260,3,1,104
30000577,0,0,179
30003141,0,0,210
30002676,0,0,202
30002547,2,0,399
30003072,0,0,17
30000765,0,0,152
30004146,1,0,0
30001559,0,0,590
30004557,0,0,46
30002948,0,0,83
30003146,0,0,171
30005163,0,0,22
30002562,0,0,409
30001423,0,0,94
30004998,0,0,18
30001389,0,0,238
30003161,0,0,106
30003059,0,0,85
30005220,0,0,642
30001985,0,0,235
30000156,11,1,104
30000146,1,0,429
30003775,0,0,307
30002851,10,6,92
30000998,1,1,0
30002572,0,0,74
30012547,8,0,539
30004079,0,0,357
30002978,0,0,3
30003166,0,0,142
30004777,1,1,691
30002780,0,0,288
30004032,0,0,651
30004616,0,0,1400
30004725,2,2,9
30003973,2,1,889
30001903,0,0,32
30003839,8,4,12
30030141,178,0,1160
30004963,0,0,423
30004161,1,0,533
30004790,0,0,55
30002379,0,0,156
30002364,0,0,30
30000101,0,0,164
30001032,0,0,2
30004183,0,0,132
30002817,0,0,318
30003502,0,0,335
30002765,32,2,182
30005027,0,0,296
30004186,0,0,309
30045327,1,0,242
30000166,0,0,258
30003027,0,0,44
30002193,0,0,354
30001958,1,0,5
30000131,0,0,417
30004374,2,2,110
30002770,30,13,22
30002755,0,0,150
30002690,0,0,163
30001735,0,0,8
30001391,0,0,146
30001988,0,0,273
30005052,1,0,150
30045354,0,0,5
30003537,0,0,48
30000488,0,0,103
30000233,0,0,6
30002532,0,0,25
30003710,0,0,122
30003374,0,0,108
30001656,0,0,194
30000314,0,0,132
30000260,0,0,95
30005260,0,0,108
30004582,1,0,47
30001730,0,0,63
30002542,1,1,78
30001359,0,0,52
30004025,3,0,115
30005334,0,0,244
30005067,0,0,46
30003837,11,10,79
30001933,0,0,40
30003871,0,0,32
30003535,0,0,30
30004092,0,0,200
30002636,0,0,31
30004705,0,0,49
30000186,2,0,1
30005099,0,0,112
30003824,0,0,44
30001448,4,2,0
30003893,0,0,198
30003193,0,0,207
30002938,0,0,190
30000443,0,0,46
30004676,0,0,94
30002740,0,0,254
30003463,0,0,72
30004740,0,0,2
30002844,0,0,53
30001953,0,0,1
30004136,0,0,51
30020141,8,4,2
30001542,1,0,0
30000267,0,0,40
30000636,1,1,0
30003344,0,0,29
30002146,0,0,63
30004859,2,0,37
30003401,0,0,47
30000106,0,0,46
30002891,0,0,177
30040141,3,2,24
30002005,0,0,51
30001121,0,0,67
30000710,0,0,106
30003569,0,0,2
30003671,0,0,74
30000747,0,1,0
30004730,0,0,23
30000978,0,1,0
30000012,0,0,14
30002354,1,0,0
30002121,0,0,50
30001173,1,0,5
30003567,0,0,79
30001785,0,0,65
30004958,0,0,24
30003735,0,0,27
30001015,1,1,0
30003703,0,0,3
30001577,0,0,97
30045314,0,0,5
30004938,0,0,70
30000745,0,0,89
30004126,0,0,87
30000953,0,0,40
30003978,0,0,4
30004572,2,0,0
30000099,0,0,51
30002953,0,0,61
30001552,0,0,13
30012505,79,0,190
30003500,0,0,67
30002906,0,0,146
30000480,0,0,3
30001950,0,0,11
30004470,0,0,192
30002507,0,0,163
30000837,0,0,349
30004191,0,0,300
30000191,0,0,41
30001589,0,0,761
30001891,0,0,4
30005057,0,0,55
30001131,0,0,159
30004312,0,0,536
30003267,0,0,770
30004574,0,0,94
30003896,0,0,9
30003540,0,0,155
30001678,0,0,115
30001071,1,1,196
30003378,0,0,132
30000189,0,0,81
30000129,2,0,525
30000300,0,0,325
30002798,0,0,548
30002773,2,0,185
30000061,0,0,89
30001420,1,0,0
30004319,0,0,443
30000232,0,0,68
30002279,0,0,16
30002477,0,0,67
30001209,0,0,233
30003139,0,0,248
30002977,0,0,10
30021407,0,0,264
30014971,38,0,784
30003138,1,0,622
30001387,0,0,359
30003497,0,0,138
30002866,0,0,147
30004956,0,0,305
30004763,4,2,138
30003393,0,0,299
30004022,0,0,237
30004031,0,0,325
30000284,0,0,11
30004609,0,0,216
30003904,0,0,14
30024971,0,0,294
30005024,0,0,174
30004976,0,0,71
30004720,0,0,100
30002816,0,0,322
30002662,0,0,283
30004695,0,0,138
30004670,0,0,211
30000282,0,0,498
30005332,0,0,130
30002084,5,1,136
30004736,0,0,41
30001675,0,0,51
30002372,0,0,6
30004575,0,0,112
30002508,0,0,310
30000071,0,0,77
30003071,0,0,21
30001413,0,0,36
30002730,0,0,3
30005111,0,0,10
30003410,0,0,205
30000911,0,0,44
30041392,0,0,264
30003070,0,2,20
30002091,0,0,31
30002680,0,0,92
30005314,0,0,101
30005246,0,0,67
30032715,0,0,108
30004024,3,0,296
30004789,1,0,504
30001660,0,0,277
30004466,0,0,254
30002441,0,0,124
30000264,0,0,222
30001234,0,0,76
30003700,0,0,101
30000121,0,0,154
30002695,1,0,402
30003011,0,0,111
30003121,0,0,1142
30002152,0,0,53
30003836,12,3,149
30004702,0,0,715
30001064,0,0,105
30002159,0,0,36
30002748,0,0,189
30003528,0,0,25
30004753,0,0,313
30005280,0,0,4
30003954,0,0,256
30002951,0,0,49
30004244,2,1,0
30005017,0,0,197
30004226,0,0,2
30005144,0,0,100
30003868,0,0,54
30004090,0,0,201
30004788,1,0,734
30022715,1,0,56
30004770,0,0,1032
30003555,0,0,82
30002390,1,1,32
30004634,0,0,34
30001676,0,0,130
30004091,0,0,241
30005289,0,1,217
30001327,0,0,19
30002440,11,6,41
30002705,0,0,208
30000733,0,0,221
30002535,0,0,109
30000096,0,0,2
30003903,0,0,11
30004566,0,0,256
30001982,12,11,0
30003045,0,0,267
30004602,3,3,33
30003768,1,0,119
30005025,0,0,131
30000894,0,0,279
30002272,1,0,0
30001259,0,0,97
30004957,0,0,798
30004158,0,0,79
30001923,0,0,46
30001649,0,0,10
30001957,1,1,20
30005044,0,0,91
30005051,0,0,326
30002254,0,0,104
30002763,1,0,213
30001931,0,0,77
30003793,0,0,6
30003971,0,0,14
30003487,3,0,225
30003733,0,0,151
30004124,0,0,98
30000078,0,0,126
30001728,0,0,6
30003956,0,0,202
30004192,0,0,374
30002696,0,0,34
30003888,0,0,68
30005212,1,0,2
30003446,0,0,9
30003512,1,0,68
30000179,0,0,62
30004745,2,2,6
30004668,1,1,0
30001574,0,0,1
30004294,0,0,54
30002645,0,0,9
30002458,0,0,13
30002086,0,0,1
30002025,0,0,78
30000715,0,0,77
30000461,0,0,165
30000289,0,0,10
30000877,1,0,192
30003716,0,0,32
30002560,0,0,1
30044971,0,0,165
30002713,0,0,161
30005299,0,0,4
30003461,0,0,12
30002669,0,0,58
30045313,1,1,52
30004600,1,1,0
30001581,0,0,3
30004056,1,1,19
30000111,0,0,2
30003174,0,0,62
30002051,0,0,139
30001252,1,0,0
30004387,0,0,42
30000239,0,0,154
30005076,0,0,73
30003002,0,0,85
30004447,0,0,67
30003580,0,0,49
30001710,0,0,36
30003961,0,0,72
30000655,0,0,1
30001030,0,0,1
30000656,2,3,0
30000112,0,0,3
30000665,0,0,1
30003478,0,0,2
30000010,0,0,56
30003565,0,0,92
30001440,0,0,71
30002884,0,0,95
30001447,1,1,0
30002883,0,0,58
30003743,1,0,0
30002501,0,0,16
30000862,1,1,0
30000214,0,0,14
30000937,0,0,2
30000044,0,0,1
30003412,0,0,61
30005219,0,0,111
30000199,0,0,78
30002734,0,0,562
30000675,0,0,180
30000833,0,0,62
30004568,0,0,255
30002224,0,0,255
30002358,0,0,142
30003192,0,0,323
30000011,0,0,50
30001105,0,0,840
30003922,0,0,79
30001152,0,0,339
30005011,0,0,116
30003056,0,0,163
30003986,1,0,331
30000219,0,0,259
30001407,0,0,396
30003843,1,0,306
30001427,0,0,341
30000125,0,0,124
30004598,1,0,861
30001041,0,0,35
30003578,0,0,187
30002031,0,0,155
30003514,0,0,227
30002877,0,0,101
30000212,0,0,49
30003204,0,0,14
30004432,0,0,185
30004838,0,0,128
30002528,0,0,887
30005061,0,0,11
30000165,0,0,98
30001199,0,0,35
30004615,0,0,161
30003031,0,0,348
30003392,0,0,388
30000803,0,0,112
30005229,0,0,98
30003991,0,0,18
30005046,0,0,252
30011407,19,0,580
30003850,0,0,159
30002873,0,0,463
30005110,0,0,149
30003152,0,0,86
30005318,0,0,198
30002843,0,0,80
30002917,0,0,59
30004165,0,0,299
30002541,2,2,57
30004942,0,0,168
30002447,0,0,252
30000246,0,0,1
30004620,0,0,112
30002239,0,0,13
30004645,0,0,381
30031407,0,0,211
30003179,0,0,104
30001964,0,0,54
30001828,0,0,69
30003380,0,0,110
30000076,0,0,58
30000776,0,0,41
30002830,0,0,228
30002655,0,0,680
30002494,0,0,73
30001674,0,0,206
30000182,0,0,1230
30000259,0,0,84
30003783,1,1,288
30003548,0,0,161
30005214,0,0,395
30002526,2,0,234
30004585,0,0,50
30000561,0,0,126
30004595,0,0,1631
30002001,0,0,151
30041407,0,0,270
30004974,0,0,115
30002796,2,1,76
30005199,0,0,156
30003021,0,0,34
30003417,0,0,46
30003427,0,0,234
30003353,0,0,4
30002694,0,0,12
30004377,0,0,231
30002749,0,0,406
30005021,0,0,140
30002660,1,0,640
30001370,0,0,230
30004675,0,0,150
30002870,1,1,320
30003051,4,0,62
30004427,0,0,127
30003145,0,0,177
30003172,0,0,43
30005244,0,0,109
30005006,0,0,35
30005333,0,0,191
30002204,0,0,36
30001377,1,0,486
30004122,1,0,39
30004734,0,0,116
30000051,0,0,51
30004756,1,0,272
30002783,0,0,299
30005278,0,0,6
30002991,0,0,64
30003081,1,0,111
30003447,0,0,295
30005142,0,0,123
30002269,0,0,83
30002558,0,0,187
30003714,0,0,111
30003521,0,0,171
30003650,0,0,155
30003004,0,0,77
30003442,0,0,104
30003016,0,0,140
30002766,0,0,200
30004709,1,1,166
30002813,23,15,0
30001729,0,0,11
30002580,0,0,8
30004026,0,0,184
30003387,0,0,59
30004808,1,1,0
30004162,0,0,287
30003890,0,0,136
30004004,0,0,42
30002392,0,0,92
30002011,0,0,2
30002397,0,0,77
30002320,0,0,5
30003038,0,0,49
30001313,0,0,10
30045306,0,0,85
30005031,0,0,2
30004981,0,0,86
30045353,0,0,12
30004219,0,0,49
30004313,0,0,32
30004199,0,0,54
30002014,0,0,2
30004172,0,0,80
30002036,0,0,109
30004051,2,2,6
30001026,2,2,5
30003823,0,0,7
30005185,0,0,32
30000293,0,0,72
30013410,0,0,51
30004259,0,0,77
30001538,0,0,77
30002061,0,0,10
30002367,0,0,164
30001372,2,2,17
30003293,0,0,114
30003655,0,0,9
30003360,0,0,13
30001402,1,0,7
30005239,2,1,2
30000709,0,0,90
30001031,0,0,2
30003407,0,0,62
30003816,0,0,183
30004360,0,0,43
30002575,0,0,1
30001823,0,0,90
30004373,0,0,148
30003085,0,0,40
30003561,0,0,6
30001714,0,0,74
30004917,0,0,29
30003125,1,1,0
30001853,0,0,10
30001202,0,0,16
30002229,0,0,101
30005078,0,0,46
30002635,1,1,87
30001984,2,1,0
30005192,0,0,6
30004437,0,0,26
30002848,0,0,33
30004548,0,0,52
30001016,1,1,0
30001585,0,0,49
30003736,0,0,50
30004036,0,0,141
30000046,0,0,17
30002823,0,0,1
30001379,3,1,250
30005290,0,0,173
30000869,0,0,379
30002348,0,0,53
30002774,0,0,339
30003130,0,0,128
30001701,0,0,100
30004371,7,1,0
30004473,0,0,372
30002212,0,0,188
30001711,0,0,102
30003445,0,0,116
30002831,0,0,174
30004932,0,0,62
30001277,0,0,496
30001310,0,0,104
30000716,0,0,217
30000137,0,0,248
30003912,0,0,38
30000247,0,0,87
30005305,0,0,298
30005255,0,0,115
30004975,0,0,177
30002330,0,0,153
30004982,0,0,24
30004082,0,0,152
30004023,0,0,29
30000315,0,0,91
30001124,0,0,509
30000087,0,0,31
30005247,1,0,76
30004949,1,0,125
30001122,0,0,173
30002227,0,0,60
30002049,70,0,493
30004633,0,0,110
30003029,0,0,392
30003706,0,0,38
30001378,0,0,294
30003147,0,0,180
30003028,0,0,349
30000741,0,0,256
30002731,0,0,264
30000612,0,0,58
30005136,0,0,478
30004465,0,0,239
30002806,0,0,28
30001090,0,0,72
30002671,0,0,70
30004217,0,0,50
30005043,0,0,175
30001405,0,0,437
30004721,0,0,5
30003418,0,0,726
30003851,1,1,152
30001260,0,0,59
30004643,0,0,61
30005009,0,0,215
30004295,0,0,8
30001371,0,0,246
30002638,3,0,9
30001029,0,0,185
30002262,0,0,314
30003895,0,0,125
30003453,0,0,334
30004914,0,0,48
30002688,0,0,106
30004030,0,0,656
30045305,4,0,318
30035305,0,0,153
30005204,0,0,253
30000648,0,0,21
30001821,0,0,419
30001872,0,0,67
30002398,0,0,235
30004653,0,0,1257
30002416,0,0,52
30000002,0,0,11
30001056,0,0,19
30001278,0,0,62
30005187,0,0,41
30004701,0,0,235
30004728,0,0,94
30000614,0,0,145
30005315,0,0,90
30002706,0,0,183
30003861,0,0,140
30000673,0,0,240
30003062,0,0,95
30005143,0,0,334
30004592,0,0,1072
30000077,0,0,157
30001258,4,3,1300
30003794,5,0,565
30004252,0,0,69
30000835,0,0,339
30003128,0,0,90
30002484,0,0,41
30011392,18,0,529
30000122,0,0,471
30002008,0,0,4
30003869,0,0,1
30004284,0,0,17
30003060,0,0,4
30003207,0,0,58
30002663,0,0,246
30003776,1,0,183
30001532,1,0,156
30002654,0,0,19
30002331,0,0,71
30005034,1,1,46
30004218,0,0,174
30000691,0,1,0
30005069,0,0,125
30002992,0,0,130
30000190,0,0,183
30003368,0,1,63
30002059,0,0,20
30003606,0,0,88
30000265,0,0,260
30004983,1,1,186
30003963,0,0,97
30005272,0,0,18
30015305,0,0,217
30004150,0,0,52
30001430,0,0,63
30005238,0,0,5
30004862,0,0,111
30003741,2,2,3
30004014,0,0,2
30003894,0,0,29
30005137,0,0,239
30003513,0,0,102
30003980,0,0,17
30004711,0,0,53
30003385,0,0,27
30000519,2,2,0
30001003,0,0,2
30001915,0,0,100
30005222,0,0,29
30003691,0,0,4
30002994,0,0,42
30003436,0,0,162
30003801,0,0,7
30002518,0,0,67
30000170,0,0,35
30001446,0,0,13
30004864,0,0,13
30005211,1,0,18
30003538,0,0,68
30001904,0,0,3
30003751,0,0,45
30004320,0,0,29
30000291,0,0,1
30000546,8,4,25
30003097,0,0,121
30004558,0,0,83
30002842,0,0,31
30000748,1,0,37
30001736,0,0,57
30005102,0,0,1
30002756,0,0,5
30005170,0,0,52
30000034,0,0,29
30002399,0,0,66
30045330,0,0,40
30004116,0,0,24
30005050,0,0,100
30000623,1,1,0
30000257,0,0,64
30003257,0,0,78
30005237,0,0,100
30000102,0,0,30
30002874,0,1,3
30033410,0,0,14
30003726,3,2,0
30003633,0,0,120
30002841,0,0,65
30004560,0,0,26
30004660,0,0,142
30003862,0,0,22
30002653,0,0,75
30003300,0,0,20
30000513,0,0,99
30001439,0,0,8
30003419,0,0,4
30000258,0,0,140
30001787,0,0,59
30001039,1,0,34
30001445,0,0,3
30005068,0,0,6
30000512,0,0,98
30003919,0,0,65
30001107,0,0,55
30004123,0,0,26
30004439,0,0,67
30000222,0,0,70
30001192,0,0,24
30004694,0,0,17
30002280,0,0,1
30001946,0,0,49
30000755,0,0,123
30002218,0,0,49
30002849,0,0,212
30002876,0,0,434
30000886,0,0,85
30002520,0,0,319
30000139,3,3,450
30002460,0,0,20
30002723,1,0,16
30002911,0,0,295
30004698,1,0,38
30003557,0,0,9
30004951,0,0,345
30003493,0,0,270
30000322,0,0,305
30002762,0,0,153
30003782,0,0,264
30004577,0,0,109
30002881,0,0,275
30002158,0,0,27
30005312,1,0,126
30005089,14,13,764
30000698,0,0,89
30002337,0,0,8
30001688,0,0,70
30005218,0,0,59
30003010,0,0,247
30003124,0,0,179
30005161,2,0,20
30003765,0,0,5
30004594,0,0,1880
30002802,1,2,713
30002643,0,0,188
30004094,0,0,168
30004084,1,0,113
30003178,0,0,41
30000144,5,3,1143
30002775,1,0,283
30002809,0,1,0
30001134,0,0,66
30001725,0,0,9
30003797,0,0,48
30000178,0,0,253
30005322,0,0,366
30001406,1,0,1136
30002537,15,2,77
30004985,13,2,398
30003728,0,0,13
30002698,3,2,19
30003421,0,0,114
30004099,0,0,24
30002473,0,0,78
30000735,0,0,59
30003030,0,0,71
30003846,0,0,1025
30002963,0,0,74
30002282,0,0,199
30000654,1,1,126
30002856,15,13,695
30002111,0,0,4
30003527,0,0,14
30002708,0,0,67
30003017,1,0,1027
30000114,1,0,34
30005121,0,0,1958
30002673,0,0,142
30003307,0,0,20
30000871,1,1,0
30000292,0,0,358
30001703,0,0,78
30002299,0,0,787
30004339,0,0,83
30001094,0,0,52
30002252,1,0,76
30002201,0,0,94
30004309,0,0,51
30004953,1,1,680
30001653,0,0,69
30004738,2,2,148
30005114,0,0,28
30000683,0,0,35
30002297,0,0,222
30001005,0,0,72
30000193,0,0,64
30004054,0,0,60
30001742,0,0,184
30000161,0,0,215
30002500,0,0,134
30003876,0,0,24
30003829,5,2,13
30000084,0,0,75
30002490,0,0,32
30042547,1,0,59
30022547,0,0,136
30001861,2,2,6
30003455,0,0,45
30005307,0,1,224
30002634,26,0,318
30001990,0,0,206
30002265,0,0,35
30002104,0,0,1
30003574,13,0,97
30003495,1,2,12
30004495,0,0,5
30001381,8,4,0
30000059,0,0,33
30005329,1,1,3
30003965,1,0,0
30000547,5,4,133
30001708,0,0,34
30003475,0,0,38
30003460,1,1,45
30003520,0,0,59
30004500,0,0,3
30004475,0,0,370
30004708,0,0,17
30000104,0,0,29
30003302,0,0,44
30032547,0,0,78
30004198,0,0,280
30004735,0,0,17
30001738,0,0,27
30004104,0,0,55
30005292,0,0,105
30000064,0,0,49
30004785,0,0,520
30003886,1,0,140
30002745,0,0,49
30004302,0,0,3
30002668,0,0,66
30004101,0,0,98
30001109,0,0,151
30000025,0,0,2
30000876,0,0,159
30001997,0,0,38
30002099,0,0,56
30003480,0,0,1
30001084,0,0,12
30000896,9,9,0
30003104,0,0,455
30005193,0,0,24
30003983,0,0,90
30002287,0,0,408
30000225,0,0,7
30003312,0,0,4
30002983,0,0,21
30001886,0,0,8
30004359,0,0,41
30002554,0,0,9
30000841,0,0,23
30002970,0,0,244
30001198,0,0,217
30003084,0,0,22
30000272,0,0,91
30003510,0,0,19
30003099,0,0,207
30003149,5,2,0
30002945,0,0,219
30005010,0,0,1
30004141,0,0,3
30004322,0,0,85
30004547,0,0,32
30002943,0,0,43
30000297,0,0,41
30002916,0,0,26
30000718,0,0,32
30002728,0,0,6
30001104,0,0,4
30000891,0,0,9
30005297,0,0,11
30003990,0,0,5
30002010,0,0,9
30001181,0,0,21
30003153,0,0,1
30005084,0,0,1
30003131,0,0,1
30004611,0,0,493
30000309,0,0,260
30001329,0,0,19
30004718,0,0,113
30001376,0,0,742
30005302,2,0,354
30004450,0,0,77
30000819,2,1,0
30000470,0,0,43
30002812,2,1,79
30003391,0,0,547
30000173,28,0,249
30000141,24,0,620
30000651,0,0,64
30002188,0,0,252
30003416,0,0,271
30003094,0,0,46
30001208,1,0,177
30004787,0,0,99
30003985,0,0,483
30003624,0,0,173
30004832,0,0,80
30002470,0,0,93
30004020,0,0,36
30002792,0,0,448
30004973,0,0,133
30004980,11,1,234
30045322,0,0,228
30002995,0,0,94
30003067,9,7,17
30005037,0,0,46
30002456,0,0,135
30005223,0,0,59
30002639,0,0,228
30003396,0,0,527
30005141,0,0,536
30002886,0,0,743
30001215,0,0,368
30002213,0,0,33
30005020,2,2,39
30001671,3,0,190
30005040,1,0,473
30003745,0,0,47
30005245,0,0,191
30000262,0,0,238
30002693,1,0,124
30003490,0,0,196
30001265,0,0,87
30002198,0,0,321
30003035,3,0,156
30002525,1,0,378
30001396,1,0,625
30000245,0,0,60
30003579,0,0,94
30010141,7,3,6
30002203,0,0,339
30000148,0,0,378
30002302,0,0,336
30004564,0,0,202
30004797,0,0,722
30004614,0,0,2458
30002074,1,1,652
30003047,6,0,258
30003681,0,0,17
30002859,1,0,589
30002510,0,0,758
30001673,2,0,164
30001369,0,0,255
30004114,0,0,122
30004178,0,0,180
30000807,0,0,118
30005309,1,0,302
30003698,0,0,185
30003386,0,0,116
30001401,3,0,235
30001431,0,0,64
30004629,0,0,423
30000752,0,0,127
30004812,0,0,44
30002453,1,1,54
30004661,0,0,90
30003158,0,0,106
30002678,0,0,156
30003604,0,0,62
30000302,1,0,65
30000188,0,0,160
30005005,7,8,45
30002235,0,0,31
30003369,0,0,119
30001074,0,0,109
30001386,0,1,248
30003906,0,0,109
30001027,0,0,1
30004631,0,0,181
30001416,0,0,119
30005198,0,0,45
30003879,0,0,299
30004228,2,2,512
30004747,0,0,157
30000005,0,0,81
30002317,1,1,627
30003970,0,0,156
30003802,0,0,44
30003505,0,0,20
30001129,0,0,170
30001564,0,0,83
30003069,4,2,27
30002661,0,0,108
30001777,0,0,284
30002782,0,0,299
30001020,0,0,30
30004396,0,0,133
30002557,0,0,148
30003812,0,0,67
30000109,0,5,154
30003473,0,0,42
30001691,0,0,19
30004782,0,0,1
30004000,0,0,63
30000020,0,0,6
30003591,0,0,21
30002015,0,0,1
30003842,0,0,26
30002248,0,0,104
30000037,4,0,3
30001433,0,0,136
30001802,0,0,124
30002027,0,0,185
30002990,0,0,154
30004015,0,0,179
30001644,0,0,156
30000094,0,0,10
30004960,1,0,104
30001792,0,0,8
30003777,0,0,94
30001651,0,0,24
30002077,0,0,34
30004604,0,0,34
30000621,0,0,98
30002797,5,6,5
30003752,0,0,100
30005109,1,1,65
30005000,5,1,1
30001282,1,0,35
30004651,0,0,179
30000510,0,0,184
30002047,0,0,9
30004990,0,0,40
30000483,2,1,0
30000787,2,2,0
30005275,0,0,18
30003544,0,0,1
30003426,0,0,52
30003594,0,0,7
30001436,0,0,23
30005134,0,0,21
30003799,0,0,2
30003208,0,0,90
30002208,0,0,45
30000054,0,0,9
30002574,0,0,117
30001879,0,0,4
30004772,0,0,78
30001807,0,0,4
30002094,0,0,26
30000030,0,0,15
30001698,0,0,27
30003817,0,0,11
30005295,0,0,9
30004658,0,0,131
30000198,0,0,9
30001000,2,2,0
30002829,0,0,46
30003443,0,0,45
30002366,0,0,55
30001047,0,0,3
30003641,1,1,0
30003659,0,0,35
30001188,0,0,12
30005007,0,0,17
30002168,0,0,12
30004955,0,0,70
30004067,0,0,67
30000678,0,0,99
30003183,0,0,56
30002040,0,0,23
30004017,0,1,0
30005208,0,0,41
30000530,0,1,0
30003371,0,0,23
30000624,0,0,20
30003792,1,1,0
30001057,0,0,5
30005228,0,0,1
30000208,0,0,7
30003000,0,0,1
30000195,0,0,1
30003847,0,0,807
30000134,0,0,374
30002342,0,0,74
30002217,0,0,6
30003083,0,0,189
30000889,0,0,121
30003430,0,0,117
30002070,1,0,347
30005123,0,0,182
30004034,0,0,120
30000268,0,0,396
30000857,1,0,419
30001758,0,0,4
30003491,0,0,166
30002692,0,0,257
30000821,0,0,110
30004486,0,0,160
30005030,1,0,8
30005054,0,0,106
30001926,1,0,39
30002268,0,0,29
30000778,0,0,121
30001128,0,0,81
30002846,0,0,329
30003441,1,0,105
30045326,0,0,316
30002242,0,0,61
30001154,1,0,107
30001554,0,0,8
30002436,0,0,116
30000882,1,0,265
30005148,0,0,547
30002045,3,2,40
30004665,1,0,96
30002965,0,0,1
30003466,0,0,210
30004654,0,0,290
30002727,0,0,7
30002446,0,0,231
30004731,0,0,152
30004035,0,0,948
30001705,0,0,202
30004733,0,0,452
30001544,0,0,8
30000158,1,0,649
30002872,0,0,285
30001061,0,0,529
30003832,0,0,331
30004128,0,0,33
30002946,0,0,305
30003101,0,0,196
30002879,0,0,134
30002088,0,0,14
30002471,0,0,30
30002852,0,0,215
30003015,0,0,55
30005158,1,1,19
30001025,0,0,6
30003704,0,0,56
30005243,0,0,218
30002336,0,0,99
30004223,4,0,5
30000295,1,0,11
30002148,0,0,56
30002283,0,0,169
30004699,0,0,954
30003866,0,0,76
30002523,0,0,287
30002504,0,0,580
30000168,0,0,524
30001263,0,0,98
30004792,2,0,55
30004732,0,0,251
30000653,0,0,677
30003050,1,0,131
30000846,17,12,1
30000143,15,2,1345
30002659,9,0,351
30001426,1,0,395
30004758,0,0,517
30003524,0,0,76
30003133,0,0,307
30003100,3,0,358
30003738,0,0,164
30004579,0,0,130
30003509,0,0,44
30003040,0,0,50
30004767,0,0,220
30002920,0,0,23
30003967,0,0,5
30000175,9,0,267
30003798,0,0,306
30045308,0,0,143
30003456,0,0,116
30001995,0,0,97
30002778,0,0,336
30002711,0,0,132
30000123,4,0,141
30003915,0,0,18
30003168,0,0,89
30002539,3,1,61
30004153,0,0,36
30003033,0,0,127
30001127,0,0,5
30003014,0,0,93
30004103,0,0,28
30002997,0,0,62
30005107,0,0,206
30002335,1,1,81
30001060,0,0,31
30004087,0,0,38
30003373,1,0,15
30004436,0,0,291
30002947,0,0,48
30001654,0,0,101
30003423,0,0,114
30004248,1,0,91
30004597,0,0,39
30005268,0,0,17
30003269,0,0,20
30000839,0,0,194
30004238,0,0,1
30002564,0,0,244
30001977,5,0,0
30001892,0,0,2
30001859,0,0,1
30001732,0,0,47
30000202,0,0,117
30001383,0,0,161
30000107,0,0,47
30001571,0,0,94
30004221,0,0,49
30000712,0,0,208
30045351,0,0,19
30000007,0,0,123
30003577,0,0,199
30005258,0,0,97
30000055,0,0,68
30004393,0,0,866
30001707,0,0,43
30002674,0,0,109
30002215,0,0,46
30002403,0,0,26
30004010,0,0,119
30004138,0,0,9
30003356,0,0,2
30000243,1,0,6
30002030,2,1,35
30003355,0,0,3
30025305,0,0,107
30002020,0,0,10
30002081,1,1,0
30004554,0,0,51
30001118,0,0,111
30001356,2,0,7
30004935,1,0,0
30002514,0,0,27
30000584,0,0,29
30003559,1,0,0
30004493,0,0,3
30003362,0,0,9
30003872,0,0,1
30001920,0,0,18
30004511,0,0,85
30000534,0,0,105
30004257,0,0,15
30004987,0,0,169
30003065,0,0,12
30045335,0,0,166
30005055,0,0,24
30003935,0,0,2
30002759,0,0,4
30002351,0,0,50
30004561,0,0,37
30001195,0,0,37
30001722,0,0,12
30003900,1,0,17
30003611,0,0,40
30002691,1,0,2
30000075,0,0,19
30004085,0,0,1
30001927,0,0,11
30004357,0,0,17
30001143,0,0,14
30004289,0,0,16
30003711,0,0,6
30002080,0,0,9
30002940,0,0,1
30001852,1,0,0
30000298,0,0,271
30003437,0,0,42
30002209,0,0,63
30000145,24,3,453
30005323,0,0,800
30002202,0,0,171
30005041,0,0,95
30004650,0,0,46
30004679,0,0,31
30000041,0,0,102
30004759,4,17,53
30004729,0,0,289
30002699,0,0,361
30004719,0,0,85
30000645,0,0,138
30005130,0,0,619
30005026,0,0,179
30001699,0,0,111
30000234,0,0,747
30001397,14,0,525
30001672,1,1,86
30021672,12,1,561
30001095,0,0,196
30001712,0,0,42
30002098,0,0,105
30005249,40,0,203
30004471,0,0,159
30001254,0,0,80
30002457,2,1,118
30001075,0,0,189
30002410,0,0,45
30000313,0,0,200
30003481,0,0,23
30001236,0,0,137
30004125,0,0,30
30004343,0,0,140
30003494,0,0,27
30001934,0,0,60
30003702,0,0,118
30004739,0,0,279
30002746,0,0,170
30004625,0,0,134
30003526,0,0,93
30003140,0,0,188
30005303,0,0,84
30004954,3,3,1425
30005135,0,0,37
30001645,0,0,99
30000296,1,0,48
30003135,0,0,64
30002444,0,0,46
30003947,1,1,83
30003068,36,13,321
30002880,4,3,491
30003464,0,0,83
30002100,0,0,10
30011672,0,0,170
30045323,0,0,371
30002068,1,0,539
30002048,0,0,234
30003501,0,0,176
30000249,0,0,155
30001662,0,0,70
30004769,1,0,480
30004994,0,0,237
30004348,1,1,281
30004135,0,0,4
30001363,2,1,286
30003739,0,0,89
30003838,0,0,26
30001932,1,1,72
30002524,0,0,120
30005330,0,0,155
30004110,0,0,18
30004892,0,0,844
30001155,0,0,223
30045318,1,1,96
30005313,0,0,215
30001125,0,0,557
30002744,0,0,236
30002521,0,0,115
30003605,0,0,11
30000135,0,0,120
30002189,0,0,467
30002689,0,0,194
30002779,0,0,577
30002546,1,0,476
30000880,0,0,166
30002793,0,0,228
30000806,0,0,110
30005160,18,13,0
30001739,0,0,49
30002506,2,0,193
30000130,0,0,660
30003390,0,0,473
30003511,0,0,71
30002927,0,0,4
30001798,0,0,631
30002249,1,0,9
30004972,0,0,317
30002095,2,1,134
30000887,0,0,248
30005095,0,0,160
30000162,1,1,5
30000194,0,0,31
30002531,0,0,154
30002818,0,0,351
30002234,0,0,11
30001558,0,0,25
30002714,0,0,233
30001437,0,0,12
30045333,0,0,11
30000672,0,0,116
30001692,0,0,41
30002729,3,3,0
30045336,0,0,16
30002442,0,0,70
30004947,0,0,77
30002578,0,0,80
30003957,4,2,129
30003952,0,0,38
30001368,1,0,239
30002511,0,0,33
30003209,0,0,6
30001078,0,0,13
30003001,0,0,66
30004937,0,0,152
30002665,0,0,225
30002719,13,5,3
30001967,0,0,2
30004722,0,0,92
30004786,0,0,181
30001422,0,0,71
30004496,0,0,3
30004484,0,0,37
30004927,0,0,16
30002571,0,0,174
30003907,0,0,37
30001887,0,0,2
30000892,0,0,49
30002907,0,0,226
30001709,0,0,54
30001665,0,0,38
30001286,0,0,1
30004514,0,0,134
30001907,0,0,17
30003974,0,0,49
30001917,0,0,104
30005028,0,0,19
30002256,0,0,6
30001390,1,0,7
30003719,0,0,154
30000209,0,0,41
30001813,0,0,26
30002682,0,0,110
30003813,0,0,62
30004793,0,0,8
30003229,0,0,6
30000516,0,0,38
30005108,0,0,76
30003115,0,0,6
30003088,0,0,52
30001283,0,0,13
30004296,0,0,95
30005194,0,0,19
30005209,0,0,157
30000058,0,0,42
30001541,0,0,2
30004160,0,0,22
30004115,0,0,28
30004249,0,0,112
30001719,1,1,0
30000266,0,0,45
30003476,0,0,61
30003358,0,0,1
30000506,0,0,19
30005058,0,0,58
30004704,0,0,60
30002323,1,0,43
30001288,0,0,24
30003323,0,0,7
30001046,0,0,25
30002957,1,0,4
30005283,0,0,5
30004682,0,0,105
30000080,0,0,16
30001100,0,0,31
30000216,0,0,30
30001323,0,0,1
30004308,0,0,12
30001028,0,0,2
30000105,0,0,13
30003516,0,0,45
30002833,0,0,65
30003566,0,0,69
30002303,0,0,61
30005328,0,0,13
30004501,1,0,0
30002954,0,0,321
30001724,0,0,41
30002932,1,1,0
30000026,0,0,1
30000001,1,1,54
30000570,0,0,9
30003496,0,0,184
30003095,0,0,114
30004601,0,0,279
30004941,0,0,480
30000649,0,0,169
30001404,0,0,661
30000128,0,0,794
30000273,0,0,309
30003376,0,0,109
30003471,0,0,62
30001293,0,0,42
30000155,1,0,494
30002356,0,0,29
30004752,0,0,147
30000799,0,0,217
30002544,2,0,798
30004397,0,0,51
30002986,0,0,120
30002185,0,0,284
30004149,0,0,37
30004584,1,1,0
30002679,2,0,203
30003545,0,0,218
30001847,1,1,0
30004303,0,0,9
30005196,15,14,4
30003987,1,0,250
30003920,0,0,59
30001591,0,0,217
30001998,0,0,9
30004669,0,0,79
30002857,0,0,288
30004967,1,0,399
30000035,1,0,286
30003394,0,0,603
30003122,0,0,903
30002195,0,0,185
30001592,0,0,39
30001658,0,0,53
30002644,0,0,231
30000248,0,0,92
30002357,0,0,331
30002832,0,0,794
30002263,0,0,185
30001694,0,0,188
30005060,0,0,211
30001669,0,0,291
30000316,0,0,105
30002900,0,0,28
30001065,0,0,323
30003383,0,0,19
30002850,0,0,15
30000060,0,0,25
30000180,0,0,800
30000893,0,0,171
30004055,0,1,0
30002253,0,0,100
30001148,0,0,21
30000451,0,0,73
30002789,0,0,306
30004081,0,0,507
30001556,0,0,419
30002764,6,0,774
30004754,0,0,161
30002799,7,0,236
30005230,0,0,70
30003853,3,1,77
30002085,1,1,0
30000028,0,0,39
30004652,0,0,553
30002712,0,0,193
30003086,0,0,19
30002075,0,0,379
30045329,4,2,11
30003981,0,0,101
30003732,0,0,24
30001403,0,0,386
30002882,1,1,482
30002408,0,0,319
30003154,1,1,262
30005008,1,0,87
30002476,0,0,106
30002732,1,0,403
30001930,2,0,74
30005195,1,1,2
30000223,0,0,326
30001873,0,0,51
30003444,1,0,9
30002383,0,0,215
30005035,2,4,9
30005101,0,0,110
30003258,0,0,43
30004431,0,0,324
30002739,0,0,249
30003877,0,0,62
30000867,1,1,34
30002220,0,0,90
30003988,1,0,1755
30003155,0,0,326
30003018,0,0,46
30001659,0,0,357
30001388,1,0,1
30000008,0,0,151
30004822,1,1,0
30003462,0,0,126
30003428,0,0,118
30002007,0,0,13
30004565,0,0,210
30002800,0,0,319
30000205,1,4,0
30100000,1,1,0
30003581,0,0,1
30004591,0,0,153
30002893,0,0,8
30003308,0,0,70
30002967,0,0,74
30001726,0,0,102
30004491,0,0,223
30005273,0,0,22
30003649,0,0,272
30003809,0,0,36
30002664,0,0,127
30002952,0,0,88
30002034,0,0,129
30003921,0,0,113
30001941,0,0,26
30004497,0,0,2
30001268,0,0,18
30004040,3,2,0
30000910,0,0,64
30003403,0,0,52
30005205,0,0,110
30005316,0,0,53
30002576,0,0,102
30004142,0,0,127
30003055,7,0,73
30003827,1,0,7
30004253,1,0,12
30003283,0,0,1
30002968,0,0,88
30003784,2,0,213
30003852,2,0,33
30001082,0,0,33
30002561,0,0,13
30003020,0,0,218
30005263,0,0,7
30001830,0,0,9
30000215,0,0,93
30005248,0,0,2
30001115,0,0,172
30005075,0,0,48
30003377,0,0,25
30001269,1,0,34
30004310,0,1,0
30003054,0,0,41
30004779,0,0,321
30002612,1,1,0
30003596,0,0,29
30000095,0,0,17
30002807,1,0,2
30002551,0,0,62
30004659,0,0,178
30002517,0,0,9
30002102,0,0,5
30004482,0,0,46
30000817,0,0,170
30001981,0,0,79
30003343,0,0,9
30003699,0,0,4
30003820,0,0,14
30003309,0,0,28
30000434,0,0,10
30003326,0,0,11
30002135,0,0,40
30003205,0,0,85
30000878,0,0,136
30000793,0,0,18
30000504,0,0,92
30000196,0,0,44
30004550,0,0,30
30002374,0,0,28
30004618,0,0,17
30002987,0,0,3
30002950,0,0,26
30003913,0,0,81
30002236,0,0,1
30001794,0,0,1
30004503,0,0,28
30003142,0,0,341
30000217,2,2,293
30003415,0,0,230
30002914,0,0,560
30003160,0,0,137
30003236,0,0,358
30000142,97,103,171
30002784,0,0,438
30001424,0,0,367
30000176,1,0,305
30004673,0,0,158
30002871,0,0,82
30002548,0,0,316
30000888,0,0,122
30001715,0,0,75
30002002,0,0,162
30002803,0,0,324
30000659,0,0,24
30002828,0,0,249
30001237,0,0,472
30000132,0,0,206
30003780,0,0,109
30002488,0,0,77
30001425,0,0,235
30045324,0,0,222
30000310,1,1,250
30000150,3,0,424
30000305,1,0,54
30001696,0,0,52
30003533,0,0,64
30003576,0,0,275
30003039,0,0,166
30002971,0,0,159
30000082,0,0,41
30002190,0,0,202
30003942,26,24,14
30003082,0,0,76
30004775,6,4,628
30003840,9,6,99
30000185,5,0,444
30000523,2,2,0
30000652,1,1,180
30000149,1,0,553
30004979,43,8,13
30004333,0,0,81
30002250,0,0,43
30004997,0,0,29
30002513,0,0,37
30002753,1,0,239
30005097,0,0,185
30001393,0,0,584
30003746,0,0,45
30001800,0,0,208
30005217,0,0,553
30002964,5,0,118
30004145,0,0,83
30000210,0,0,81
30001561,0,0,129
30004102,0,0,42
30003143,0,0,358
30004263,0,0,77
30005310,0,0,460
30003721,0,0,96
30002921,1,1,64
30000237,0,0,203
30004929,0,0,178
30005165,1,0,189
30002498,0,0,194
30002565,0,0,504
30002794,0,0,402
30000236,0,0,54
30002463,0,0,115
30004077,0,0,187
30002072,1,0,264
30004605,0,0,563
30002395,0,0,121
30001069,0,0,181
30001679,0,0,86
30003107,0,0,25
30004656,0,0,1189
30005140,0,0,53
30004961,0,0,550
30002701,0,0,573
30003498,0,0,190
30001883,0,0,251
30000525,1,0,18
30002191,0,0,121
30005149,0,0,409
30002888,0,0,305
30003977,1,1,478
30002633,0,0,125
30003908,0,0,64
30000881,0,0,27
30004774,0,0,701
30004129,0,0,110
30002939,0,0,302
30005022,0,0,29
30001373,1,0,111
30003909,0,0,47
30001001,1,0,51
30003551,0,0,31
30003211,0,0,12
30002055,0,0,164
30001747,0,0,135
30004741,0,0,414
30003508,0,0,34
30003773,0,0,85
30005190,0,0,94
30004706,0,0,62
30002982,0,0,3
30003518,0,0,4
30005132,0,0,413
30001358,0,0,161
30004621,1,0,44
30002445,1,0,342
30002259,0,0,49
30002716,0,0,94
30005029,3,4,26
30004002,0,0,193
30000566,0,0,11
30004707,0,0,108
30004095,0,0,124
30002225,2,2,30
30003175,9,2,102
30005319,0,0,158
30003653,0,0,309
30004606,0,0,74
30001962,0,0,2
30045325,0,0,97
30004518,0,0,63
30003032,0,0,311
30004112,0,0,136
30003364,0,0,1
30001647,0,0,10
30004528,1,0,7
30002821,1,0,0
30002538,9,5,66
30004800,0,0,170
30002388,1,0,19
30001815,0,0,288
30001324,0,0,45
30003398,0,0,106
30003397,0,0,171
30001681,2,0,47
30000863,0,0,37
30002216,0,0,11
30004256,0,0,22
30001357,0,0,128
30001851,4,4,0
30000813,1,1,0
30000285,0,0,84
30003210,0,0,98
30004962,0,0,261
30003753,0,0,72
30000169,1,0,186
30003686,0,0,6
30004911,0,0,43
30005072,0,0,3
30000022,0,0,8
30002666,1,0,17
30001170,1,0,120
30001290,2,1,5
30005285,0,0,9
30003601,0,0,103
30001035,0,0,1
30004596,0,0,46
30005115,1,0,0
30002019,2,3,0
30002769,0,0,6
30003330,1,0,1
30002760,0,0,31
30000472,0,0,33
30002012,0,0,2
30004843,0,0,45
30002325,0,0,97
30000795,0,0,70
30000899,0,0,11
30004027,1,1,150
30003841,0,0,42
30000848,9,8,0
30000627,0,0,103
30003338,0,0,37
30003874,0,0,27
30005122,0,0,9
30002820,1,0,0
30003585,0,0,6
30005200,0,0,1
30004452,0,0,94
30004231,0,0,65
30034971,0,0,34
30001868,0,0,32
30001783,0,0,50
30000049,0,0,1
30002606,0,0,3
30004009,0,0,32
30000200,0,0,14
30001230,0,0,58
30001162,0,0,32
30003465,0,0,8
30001951,1,1,0
30000270,0,0,16
30001706,0,0,32
30002735,0,0,580
30003037,0,0,274
30001683,0,0,166
30004743,0,0,334
30001235,0,0,25
30000317,1,1,69
30002814,0,0,63
30000032,0,0,156
30004696,1,1,584
30003587,0,0,7
30002720,0,0,8
30000119,9,0,347
30003740,0,0,161
30004156,0,0,154
30002545,0,0,753
30004428,0,0,118
30015042,0,0,12
30003260,1,1,335
30002686,1,0,46
30001428,0,0,439
30003547,0,0,23
30002089,4,0,9
30002257,0,0,147
30003451,0,0,205
30002988,0,0,29
30001411,0,0,412
30002277,0,0,189
30002087,0,0,26
30004671,0,0,74
30002834,0,0,404
30004700,0,0,119
30002854,0,1,365
30002082,11,3,25
30004646,0,0,307
30001052,0,0,127
30000319,0,0,85
30003413,0,0,238
30000663,2,1,1
30003111,0,0,147
30002391,1,0,56
30001364,0,0,834
30005304,0,0,199
30025042,0,0,183
30001270,0,0,50
30005215,0,0,1113
30001210,0,0,99
30004250,0,0,155
30000646,1,1,373
30000884,0,0,135
30002733,0,0,439
30003468,0,0,158
30002210,0,0,70
30042505,0,0,153
30002903,0,0,117
30002894,0,0,284
30000240,12,5,151
30002681,3,0,328
30005049,0,0,280
30004693,0,0,5
30002495,0,0,149
30004703,0,0,218
30002431,0,0,395
30000136,0,0,265
30005047,0,0,26
30004968,1,1,491
30004794,0,0,330
30005240,0,0,25
30005002,0,0,42
30004760,0,0,146
30002527,1,0,301
30003626,0,0,172
30002839,0,0,51
30000151,0,0,356
30002703,0,0,211
30005317,0,0,192
30000255,1,1,156
30002567,0,0,104
30004488,0,0,149
30001139,0,0,18
30002478,1,0,105
30002512,0,0,147
30045042,12,0,297
30004097,0,0,147
30002438,0,0,14
30003297,0,0,39
30000183,3,0,220
30002062,0,0,70
30002223,0,0,142
30002069,0,0,346
30003621,0,0,37
30003077,3,2,40
30001067,0,0,373
30004641,0,0,117
30001443,1,1,482
30002295,0,0,104
30001666,0,0,84
30001713,0,0,118
30003408,1,0,109
30003136,0,0,857
30000287,0,0,7
30005129,0,0,61
30004297,0,0,6
30005042,0,0,290
30003891,0,0,65
30003411,0,0,105
30003156,0,0,260
30005015,1,0,144
30003433,0,0,127
30002384,0,0,473
30002767,3,2,23
30002656,0,0,411
30002418,0,0,52
30001398,2,2,120
30004943,0,0,859
30003485,0,0,59
30003859,0,0,6
30002057,2,0,101
30001092,0,0,219
30004245,1,0,0
30003889,0,0,19
30003651,0,0,171
30003196,2,1,260
30001257,0,0,66
30003438,0,0,131
30000661,0,0,4
30001339,3,0,20
30000250,2,1,0
30003089,0,0,10
30001661,1,0,43
30003532,0,0,82
30001646,0,0,121
30003515,0,0,98
30003458,0,0,178
30001733,0,0,3
30005270,0,0,16
30002205,0,0,150
30002448,0,0,2
30005250,20,0,78
30002975,1,0,29
30001921,0,0,137
30002037,0,0,157
30004052,0,0,3
30002552,0,0,118
30002245,0,0,24
30003379,0,0,60
30004448,0,0,5
30003948,0,0,103
30004131,0,0,123
30004433,0,0,69
30002270,0,0,1
30045307,0,0,70
30002646,0,0,204
30001418,0,0,199
30004109,0,0,3
30001700,0,0,47
30003683,0,0,29
30001874,0,0,47
30002928,11,4,0
30005062,0,0,1
30000079,0,0,59
30004059,0,0,8
30003404,0,0,49
30000572,0,0,111
30045310,0,0,93
30000527,1,1,0
30001275,0,0,11
30003854,1,1,13
30001089,0,0,16
30002869,0,0,105
30003787,0,0,13
30001203,0,0,298
30005096,0,0,64
30003042,0,0,77
30003804,1,0,2
30022505,0,0,43
30045339,1,0,0
30002465,0,0,113
30001686,1,0,28
30002119,7,6,0
30000062,0,0,9
30001037,0,0,2
30001854,0,0,35
30000829,0,0,47
30004230,0,0,90
30002255,0,0,6
30001062,0,0,57
30003277,1,0,1
30003884,0,0,45
30035042,0,0,217
30002240,0,0,10
30000072,0,0,13
30003057,0,0,19
30001955,0,0,5
30003109,7,5,0
30002413,0,0,4
30032505,0,0,20
30004607,0,0,25
30001968,0,0,46
30005176,0,0,15
30003022,0,0,35
30005032,0,0,1
